name: vessel
channels:
  - defaults
dependencies:
  - _tflow_select=2.1.0=gpu
  - absl-py=0.4.1=py35_0
  - astor=0.7.1=py35_0
  - blas=1.0=mkl
  - bleach=1.5.0=py35_0
  - ca-certificates=2019.1.23=0
  - certifi=2018.8.24=py35_1
  - cudatoolkit=8.0=3
  - cudnn=7.1.3=cuda8.0_0
  - cupti=8.0.61=0
  - gast=0.2.0=py35_0
  - grpcio=1.12.1=py35hdbcaa40_0
  - h5py=2.8.0=py35h989c5e5_3
  - hdf5=1.10.2=hba1933b_1
  - html5lib=0.9999999=py35_0
  - intel-openmp=2019.3=199
  - keras=2.2.2=0
  - keras-applications=1.0.4=py35_1
  - keras-base=2.2.2=py35_0
  - keras-preprocessing=1.0.2=py35_1
  - libedit=3.1.20181209=hc058e9b_0
  - libffi=3.2.1=hd88cf55_4
  - libgcc-ng=8.2.0=hdf63c60_1
  - libgfortran-ng=7.3.0=hdf63c60_0
  - libprotobuf=3.6.0=hdbcaa40_0
  - libstdcxx-ng=8.2.0=hdf63c60_1
  - markdown=2.6.11=py35_0
  - mkl=2018.0.3=1
  - mkl_fft=1.0.6=py35h7dd41cf_0
  - mkl_random=1.0.1=py35h4414c95_1
  - ncurses=6.1=he6710b0_1
  - numpy=1.15.2=py35h1d66e8a_0
  - numpy-base=1.15.2=py35h81de0dd_0
  - openssl=1.0.2r=h7b6447c_0
  - pip=10.0.1=py35_0
  - protobuf=3.6.0=py35hf484d3e_0
  - pydot=1.2.4=py35_0
  - pyparsing=2.4.0=py_0
  - python=3.5.6=hc3d631a_0
  - pyyaml=3.13=py35h14c3975_0
  - readline=7.0=h7b6447c_5
  - scikit-learn=0.20.0=py35h4989274_1
  - scipy=1.1.0=py35hfa4b5c9_1
  - setuptools=40.2.0=py35_0
  - six=1.11.0=py35_1
  - sqlite=3.28.0=h7b6447c_0
  - tensorboard=1.10.0=py35hf484d3e_0
  - tensorflow=1.10.0=gpu_py35ha6119f3_0
  - tensorflow-base=1.10.0=gpu_py35h3435052_0
  - tensorflow-gpu=1.10.0=hf154084_0
  - termcolor=1.1.0=py35_1
  - tk=8.6.8=hbc83047_0
  - werkzeug=0.15.2=py_0
  - wheel=0.31.1=py35_0
  - xz=5.2.4=h14c3975_4
  - yaml=0.1.7=had09818_2
  - zlib=1.2.11=h7b6447c_3
  - pip:
    - backcall==0.1.0
    - chardet==3.0.4
    - idna==2.8
    - imageio==2.5.0
    - imageio-ffmpeg==0.3.0
    - imutils==0.5.2
    - ipdb==0.12
    - ipython==7.5.0
    - ipython-genutils==0.2.0
    - jedi==0.13.3
    - moviepy==1.0.0
    - pandas==0.24.2
    - parso==0.4.0
    - pexpect==4.7.0
    - pickleshare==0.7.5
    - proglog==0.1.9
    - progress==1.5
    - prompt-toolkit==2.0.9
    - ptyprocess==0.6.0
    - pygments==2.4.0
    - pytz==2019.1
    - requests==2.21.0
    - traitlets==4.3.2
    - urllib3==1.24.3
    - vidstab==1.5.6
    - wcwidth==0.1.7
prefix: /home/bibo/anaconda2/envs/vessel

